Default amplitude model:
  lineshapes:
    L(1405): Flatte1405
    L(1520): BreitWignerMinL
    L(1600): BreitWignerMinL
    L(1670): BreitWignerMinL
    L(1690): BreitWignerMinL
    L(2000): BreitWignerMinL
    D(1232): BreitWignerMinL
    D(1600): BreitWignerMinL
    D(1700): BreitWignerMinL
    K(700): BuggBreitWignerMinL
    K(892): BreitWignerMinL
    K(1430): BuggBreitWignerMinL
  parameters:
    # central value  ± Hesse ± model ± systematic
    #      supplementary     +     Table 8
    ArK(892)1: 1.0 ± 0.0 ± 0.0 ± 0.0
    AiK(892)1: 0.0 ± 0.0 ± 0.0 ± 0.0
    ArK(892)2: 1.192614 ± 0.066524 ± 1.5 ± 0.1
    AiK(892)2: -1.025814 ± 0.041453 ± 4.5 ± 0.1
    ArK(892)3: -3.141446 ± 0.092448 ± 0.85 ± 0.05
    AiK(892)3: -3.293410 ± 0.206014 ± 0.96 ± 0.02
    ArK(892)4: -0.727145 ± 0.181956 ± 2.4 ± 0.1
    AiK(892)4: -4.155027 ± 0.119153 ± 2.7 ± 0.1
    ArK(700)1: 0.068908 ± 0.122603 ± 2.1 ± 0.2
    AiK(700)1: 2.521444 ± 0.084235 ± 1.3 ± 0.1
    ArK(700)2: -2.685630 ± 0.124151 ± 0.93 ± 0.09
    AiK(700)2: 0.038490 ± 0.123867 ± 3.2 ± 0.1
    gammaK(700): 0.941060 ± 0.042406 ± 0.35 ± 0.04
    ArK(1430)1: -6.715160 ± 0.602836 ± 2.4 ± 0.3
    AiK(1430)1: 10.479411 ± 0.267895 ± 9.7 ± 0.1
    ArK(1430)2: 0.219754 ± 0.381936 ± 5.4 ± 0.4
    AiK(1430)2: 8.741196 ± 0.250855 ± 14 ± 0
    gammaK(1430): 0.020981 ± 0.011062 ± 0.33 ± 0.01
    ArL(1405)1: -4.572486 ± 0.231833 ± 3.3 ± 0.1
    AiL(1405)1: 3.190144 ± 0.169851 ± 3.2 ± 0.1
    ArL(1405)2: 10.446080 ± 0.128799 ± 12 ± 0
    AiL(1405)2: 2.787441 ± 0.607833 ± 3.7 ± 0.3
    ML(1520): 1.518467 ± 0.000100 ± 0.00065 ± 0.00003
    GL(1520): 0.015195 ± 0.000265 ± 0.0013 ± 0.0001
    ArL(1520)1: 0.293998 ± 0.012158 ± 0.12 ± 0.01
    AiL(1520)1: 0.044324 ± 0.022276 ± 0.12 ± 0.02
    ArL(1520)2: -0.160687 ± 0.075604 ± 0.69 ± 0.03
    AiL(1520)2: 1.498833 ± 0.032468 ± 1.3 ± 0.0
    ArL(1600)1: 4.840649 ± 0.080342 ± 5.0 ± 0.1
    AiL(1600)1: 3.082786 ± 0.313304 ± 3.7 ± 0.1
    ArL(1600)2: -6.971233 ± 0.180278 ± 8.7 ± 0.1
    AiL(1600)2: 0.842435 ± 0.300438 ± 2.0 ± 0.2
    ArL(1670)1: -0.339585 ± 0.013871 ± 0.35 ± 0.01
    AiL(1670)1: -0.144678 ± 0.022591 ± 0.22 ± 0.02
    ArL(1670)2: -0.570978 ± 0.059400 ± 0.46 ± 0.02
    AiL(1670)2: 1.011833 ± 0.017816 ± 1.2 ± 0.0
    ArL(1690)1: -0.385772 ± 0.046657 ± 0.23 ± 0.02
    AiL(1690)1: -0.110235 ± 0.045896 ± 0.44 ± 0.02
    ArL(1690)2: -2.730592 ± 0.052811 ± 2.4 ± 0.0
    AiL(1690)2: -0.353613 ± 0.136240 ± 0.60 ± 0.06
    ML(2000): 1.988190 ± 0.000911 ± 0.021 ± 0.001
    GL(2000): 0.179260 ± 0.002766 ± 0.016 ± 0.003
    ArL(2000)1: -8.014857 ± 0.267813 ± 11 ± 0
    AiL(2000)1: -7.614006 ± 0.529630 ± 7.7 ± 0.2
    ArL(2000)2: -4.336255 ± 0.137963 ± 3.4 ± 0.2
    AiL(2000)2: -3.796192 ± 0.285036 ± 3.7 ± 0.1
    ArD(1232)1: -6.778191 ± 0.268436 ± 5.3 ± 0.2
    AiD(1232)1: 3.051805 ± 0.264359 ± 1.4 ± 0.1
    ArD(1232)2: -12.987193 ± 0.433180 ± 12 ± 0
    AiD(1232)2: 4.528336 ± 0.493430 ± 3.7 ± 0.3
    ArD(1600)1: 11.401585 ± 0.437580 ± 9.8 ± 0.2
    AiD(1600)1: -3.125511 ± 0.473191 ± 1.4 ± 0.2
    ArD(1600)2: 6.729211 ± 0.283501 ± 7.2 ± 0.2
    AiD(1600)2: -1.002383 ± 0.331137 ± 2.1 ± 0.1
    ArD(1700)1: 10.378280 ± 0.253080 ± 7.2 ± 0.3
    AiD(1700)1: 1.434872 ± 0.485532 ± 5.2 ± 0.2
    ArD(1700)2: 12.874102 ± 0.233827 ± 13 ± 0
    AiD(1700)2: 2.105570 ± 0.644916 ± 6.0 ± 0.3
